500
100
600
86 93 3 881
32 40 6 364
42 65 9 576
63 41 3 594
89 64 4 124
83 20 5 703
15 64 3 833
20 32 10 803
21 56 5 837
82 38 2 792
36 56 3 993
12 98 4 116
50 48 5 741
64 27 7 916
84 61 8 999
77 50 2 665
51 63 4 341
16 50 9 663
87 36 9 160
63 50 1 941
67 88 3 641
80 85 6 820
26 55 10 318
8 38 2 537
39 46 4 100
9 38 9 896
95 22 4 203
23 93 2 564
70 11 1 797
69 81 6 214
29 79 1 355
33 28 3 710
19 24 3 218
27 38 6 411
67 22 8 656
90 94 4 128
63 34 5 352
53 68 3 980
17 16 2 415
59 94 9 140
29 14 2 910
48 32 9 539
12 35 5 595
82 29 2 481
52 69 5 691
41 13 6 626
49 11 6 104
11 45 9 431
42 52 10 229
45 33 6 281
42 81 10 630
100 79 8 709
21 39 1 606
38 11 3 573
76 86 9 170
4 26 2 897
68 84 8 487
4 63 5 246
92 95 8 972
83 24 6 682
70 92 6 932
12 58 3 373
80 76 1 455
88 32 6 552
77 90 4 727
94 17 2 260
34 91 4 309
92 90 1 678
5 61 8 233
64 34 8 668
81 97 3 596
76 8 6 809
75 20 1 574
39 40 3 630
78 57 2 832
61 51 9 930
1 34 3 355
39 35 8 619
48 23 10 645
46 65 2 886
75 94 5 913
58 7 10 320
59 89 6 124
1 60 6 207
70 51 2 484
21 4 1 248
20 47 1 670
57 40 7 854
67 74 2 104
100 37 6 121
82 84 6 480
51 40 8 273
87 83 4 157
85 58 3 930
54 63 9 403
77 55 3 466
74 97 1 266
72 65 1 632
82 4 3 470
36 57 8 318
4 52 6 386
74 26 10 342
39 20 6 365
77 21 4 100
3 65 9 534
78 11 10 737
69 5 8 986
61 67 10 885
64 13 1 321
71 81 7 479
13 56 3 191
9 43 6 185
79 45 9 558
20 56 1 134
44 9 10 474
95 100 7 521
2 27 1 971
87 6 5 135
63 26 6 561
75 78 3 506
9 15 10 531
40 91 9 676
55 68 9 292
19 42 1 339
62 46 4 905
98 36 7 430
25 12 7 803
3 68 10 803
42 10 1 862
12 23 3 144
58 31 10 350
8 55 1 509
69 27 5 145
8 21 8 736
47 33 7 371
47 71 3 538
9 34 9 520
3 10 3 874
26 16 3 545
98 25 7 686
58 56 6 874
14 24 2 618
90 5 5 310
93 25 5 598
82 91 1 397
42 27 9 324
70 36 8 133
54 14 10 287
74 18 9 892
75 61 3 261
21 40 1 889
85 20 4 928
82 16 8 941
84 58 9 744
18 8 8 392
3 36 2 115
75 34 3 258
80 92 7 378
89 86 1 459
97 27 6 623
71 44 7 587
5 81 7 239
27 100 5 995
23 2 9 328
52 76 4 263
88 22 1 504
51 53 9 885
44 62 2 606
97 43 1 986
74 62 2 813
32 44 9 153
44 28 8 430
37 40 5 903
82 95 1 290
89 75 8 553
42 1 8 155
28 83 5 310
9 73 3 966
5 75 4 733
49 94 10 666
39 5 1 665
13 14 5 896
62 77 7 406
48 12 9 104
92 36 2 310
50 55 3 891
72 2 4 765
37 96 9 831
43 80 5 871
98 24 4 569
33 63 3 545
18 76 8 837
57 59 1 610
89 23 9 252
98 20 9 616
94 39 4 522
99 96 6 251
4 40 9 960
68 56 6 373
31 84 1 171
62 95 7 942
5 98 5 558
19 18 8 196
90 99 6 185
63 79 7 540
57 23 2 396
69 72 6 971
52 1 5 702
80 45 10 109
64 7 5 320
71 76 6 286
50 59 6 730
65 6 2 878
63 37 4 374
9 89 2 920
65 99 9 897
23 68 4 392
84 87 2 319
29 93 4 305
86 48 10 310
3 54 1 614
12 60 2 666
41 39 2 653
93 98 1 223
26 1 8 959
71 45 10 582
82 90 4 193
26 61 7 641
70 43 9 401
10 50 2 266
90 78 9 346
8 79 6 984
81 85 10 197
95 71 3 198
84 52 3 156
87 92 5 778
99 15 1 486
57 99 4 286
75 62 7 888
13 12 9 178
87 54 3 849
62 1 9 658
92 55 3 569
26 71 8 957
24 68 10 730
96 38 1 430
46 1 3 996
96 23 4 863
4 50 1 334
71 37 3 684
32 97 6 245
40 3 5 246
1 56 2 949
11 73 2 432
15 52 1 577
26 99 3 250
89 32 6 203
27 80 8 214
66 96 7 184
99 28 8 870
16 10 5 254
9 57 10 759
75 19 1 377
39 37 6 644
63 84 2 379
55 90 6 876
62 69 5 491
75 99 9 261
30 44 1 661
88 70 3 830
63 25 10 325
23 35 7 722
64 10 9 516
29 12 6 881
96 61 4 493
39 51 7 191
55 42 1 929
35 67 10 884
98 79 4 193
65 75 2 826
19 22 4 564
50 41 4 375
75 79 4 612
80 49 3 391
1 23 1 167
80 3 3 933
10 17 7 703
71 97 8 489
95 57 6 524
18 98 4 300
85 76 7 355
90 44 8 593
68 81 3 750
80 7 1 473
80 30 10 454
72 39 6 730
26 3 3 418
76 57 3 732
17 79 3 289
4 98 4 219
28 6 6 234
80 100 8 999
46 100 6 599
20 4 2 775
70 40 5 785
46 91 8 628
75 4 4 542
31 10 5 718
63 56 9 864
43 86 5 242
36 45 6 607
46 35 1 536
30 77 10 661
8 15 8 291
14 79 2 206
30 72 3 182
37 53 3 155
57 58 10 778
51 26 3 432
46 66 4 804
16 93 7 398
56 34 10 285
70 100 4 779
13 55 2 939
76 49 3 358
47 4 1 577
37 68 3 530
55 41 5 997
33 76 9 301
49 55 9 276
8 80 2 164
94 33 2 311
26 58 3 590
32 49 8 769
56 27 3 669
10 11 8 593
66 20 6 360
86 71 1 127
9 23 2 505
43 23 4 314
26 83 2 621
20 67 9 887
83 7 1 568
49 6 2 555
83 40 4 999
29 22 3 160
82 50 9 173
31 13 3 663
5 21 4 285
30 15 5 445
24 59 2 359
69 14 3 141
42 100 6 615
31 90 9 501
67 62 4 170
17 72 5 555
73 51 1 692
83 8 10 727
36 78 2 109
15 75 2 279
47 54 9 993
13 10 7 554
45 98 8 413
95 77 4 559
84 51 1 633
47 61 8 955
61 54 10 521
72 18 6 767
70 15 5 587
41 100 2 567
3 55 7 652
97 41 3 648
34 77 10 153
94 25 7 747
77 96 7 724
55 4 2 606
60 37 7 329
83 52 7 871
95 28 3 907
11 64 2 598
51 21 1 539
61 34 5 276
95 37 2 562
52 5 2 790
38 55 1 289
96 94 10 354
4 90 4 443
47 29 1 726
43 64 5 908
77 36 6 727
19 52 2 498
20 25 3 974
91 81 9 200
8 72 1 419
53 25 4 938
69 67 9 599
11 35 1 309
84 89 10 455
40 25 5 812
22 36 2 665
63 27 1 931
77 67 1 349
92 34 10 416
69 25 8 818
69 78 6 782
4 60 5 895
30 4 9 200
94 54 4 415
73 69 5 621
17 35 5 131
47 100 2 577
52 54 7 347
90 79 7 117
3 94 7 379
75 39 9 130
11 3 4 669
41 96 3 896
9 48 1 174
42 13 3 192
35 93 5 773
100 19 4 319
92 46 6 405
72 92 4 867
58 77 8 363
94 73 7 518
33 95 4 362
44 8 2 705
43 88 4 176
89 26 10 979
69 13 7 688
63 94 8 874
17 78 7 613
81 73 4 387
58 93 9 944
82 18 9 232
11 63 1 566
63 44 8 260
97 56 2 593
43 31 3 642
25 75 3 436
85 86 1 410
82 42 10 537
52 3 6 260
30 19 6 412
20 35 9 810
82 62 9 414
22 80 2 147
92 47 4 927
93 2 7 370
66 74 2 322
23 79 6 816
72 59 5 168
14 5 9 317
81 16 9 805
100 49 7 655
90 43 4 735
96 21 5 697
79 85 9 243
82 39 8 974
90 14 10 733
22 17 7 498
25 1 6 765
82 36 4 391
70 77 4 223
75 84 4 579
68 2 4 297
55 17 1 316
60 76 9 778
74 23 5 840
81 48 8 333
84 62 3 383
97 64 1 147
87 63 10 240
22 13 10 466
85 53 4 565
21 86 7 425
36 49 8 373
25 7 10 177
49 24 1 439
38 77 7 991
55 100 9 646
61 49 6 193
61 27 1 301
30 57 10 680
35 94 6 113
96 15 8 497
61 11 1 888
68 28 4 681
73 42 4 787
73 96 2 241
21 29 5 951
65 18 8 421
20 31 7 475
58 54 5 817
14 41 4 440
68 14 3 449
82 63 2 572
49 22 10 243
50 66 4 552
93 14 1 398
26 65 7 408
91 44 2 847
30 8 3 909
78 31 1 272
19 36 5 649
67 72 7 724
81 15 2 972
62 66 10 696
75 48 1 495
47 9 3 665
32 51 1 916
56 90 3 252
71 61 2 159
42 26 9 106
26 41 1 647
87 32 2 892
4 94 4 566
62 87 4 195
27 6 8 592
38 2 1 637
89 70 5 839
23 44 6 749
35 4 9 986
59 25 10 124
30 76 4 753
51 7 7 591
93 40 8 793
52 27 2 659
46 53 4 709
94 30 1 242
1 4 10 772
91 92 3 550
5 100 5 529
53 54 4 639
89 40 7 733
63 40 2 905
83 21 4 431
46 33 6 238
45 27 9 661
96 90 1 151
13 24 7 281
61 77 5 809
40 47 3 816
36 90 4 487
81 57 4 468
7 27 5 429
83 92 3 628
35 50 8 378
97 99 3 165
9 18 8 603
26 38 1 842
89 30 3 833
32 33 2 737
82 40 7 468
45 81 3 259
58 34 7 431
100 18 4 403
12 9 4 886
51 48 10 147
73 16 6 418
65 43 8 468
85 74 9 724
62 29 1 714
67 40 4 243
39 15 4 475
68 17 1 826
99 4 4 635
81 44 7 876
33 36 7 851
53 13 1 474
25 32 2 128
12 55 6 581
43 44 9 486
34 86 1 144
88 91 5 672
6 59 10 240
5 32 8 223
95 13 5 352
86 49 7 957
47 58 2 875
16 36 9 884
85 27 5 772
14 26 1 516
75 85 1 947
73 100 3 425
46 86 7 349
52 96 4 190
9 87 7 577
16 13 9 324
80 63 7 770
31 69 5 386
41 81 4 638
80 72 9 519
82 44 4 548
85 95 4 430
12 87 6 932
15 42 5 868
13 57 8 641
95 35 9 303
32 67 10 533
55
85
