100 240 21 14 12
60 80 1 82 7 5 39 71 69 65 33 29 91 26 85 35 84 40 92 49 19
3 100 72 10 11 83 54 86 24 58 27 31 94 63
66 55 51 77 65 97 22 68 53 89 71 18
67 43 318
5 92 348
66 88 169
63 35 397
62 58 388
50 84 200
39 68 479
46 80 476
58 80 431
66 51 -5
96 67 389
57 28 438
18 92 454
61 62 377
70 20 475
94 29 452
26 39 15
1 53 10
92 14 478
38 94 87
41 86 293
34 42 55
38 79 330
69 98 121
79 96 342
78 7 253
89 15 145
96 26 256
47 11 337
18 7 354
58 18 53
52 93 459
40 86 304
68 40 399
7 80 209
23 6 402
21 10 152
34 6 408
8 56 375
77 4 353
16 28 343
35 29 139
90 23 223
93 67 40
7 42 238
6 11 42
32 42 237
80 69 453
60 46 195
74 50 24
45 5 153
63 80 236
1 22 328
95 29 52
84 96 296
38 36 12
70 49 215
10 54 213
8 7 285
65 12 284
48 50 289
85 47 237
92 11 325
32 4 314
3 54 136
86 75 278
26 32 267
89 90 354
54 15 458
32 50 71
62 29 -15
97 71 60
72 60 241
32 100 419
86 9 417
89 22 39
49 80 346
22 85 335
49 51 75
23 94 270
82 62 145
2 3 377
97 25 397
22 37 252
18 66 298
43 40 328
50 29 340
15 62 176
58 13 37
53 12 84
40 92 318
55 67 287
55 91 145
85 63 206
81 80 346
85 45 65
37 8 183
40 49 337
28 23 336
19 78 221
41 36 203
82 16 48
11 27 199
84 51 115
95 76 67
21 54 352
37 45 363
16 98 422
62 96 103
36 76 385
99 54 192
36 40 50
20 84 249
62 16 129
55 12 171
42 16 459
26 47 305
50 36 119
77 50 456
83 79 173
11 59 -9
95 36 272
13 90 -6
2 49 286
53 82 103
32 14 160
56 24 244
1 99 89
79 64 464
17 3 112
8 74 436
7 95 268
65 31 316
52 60 360
56 48 129
4 47 137
17 74 -8
66 56 358
90 32 8
33 5 -1
33 48 396
76 73 301
58 94 294
30 98 128
85 55 344
6 27 86
41 28 47
59 70 259
66 65 216
69 1 429
40 47 288
98 5 88
65 6 -14
87 42 335
77 18 272
67 51 83
13 34 372
30 28 232
33 98 204
35 74 257
25 7 -4
26 66 405
87 76 188
46 3 143
47 6 412
68 20 261
53 32 117
9 70 236
31 98 336
22 38 423
87 37 383
83 65 213
62 27 229
93 34 4
75 27 365
74 68 423
21 89 285
32 12 334
65 58 -3
24 23 298
79 98 -7
64 35 51
72 68 57
61 94 155
52 27 40
33 75 236
82 20 164
82 41 37
50 26 201
81 76 280
43 63 307
17 13 249
45 58 120
15 47 115
15 100 125
57 10 343
53 35 373
94 93 171
79 66 404
70 18 143
98 55 77
81 39 74
70 62 272
67 17 311
33 35 142
40 76 415
31 1 -14
21 95 417
91 48 248
45 48 232
27 100 242
81 84 172
61 28 96
94 27 328
4 62 480
12 100 365
38 6 218
59 80 396
7 23 161
49 56 315
52 38 460
72 65 446
96 56 229
47 20 102
20 91 116
74 66 10
43 48 288
30 68 191
23 38 213
85 74 302
70 10 322
30 16 183
38 28 477
62 41 213
93 71 274
12 55 364
66 1 105
99 43 176
51 46 21
66 70 61
