100 120 11 4 12
24 23 9 41 53 100 8 38 31 75 78
73 90 50 39
67 71 19 98 9 25 96 17 72 46 62 61
49 43 5
77 96 -4
14 88 10
64 38 10
65 18 -12
13 8 -15
17 87 12
95 85 6
6 89 -13
81 80 -12
66 100 -14
4 97 13
61 38 -5
45 31 -12
61 71 5
47 8 15
31 87 5
62 49 5
3 49 -13
31 32 -3
51 65 11
80 72 -4
72 17 12
46 42 -15
72 10 -11
23 4 -7
82 27 -15
8 59 4
1 33 9
97 44 -3
82 95 4
61 47 6
88 3 -12
79 91 0
40 73 14
90 93 4
58 9 -15
53 59 -15
23 16 0
69 29 -2
26 77 -13
90 17 0
32 55 -3
26 17 -6
95 62 13
65 43 -6
64 31 -7
22 38 -5
43 8 -6
21 5 9
91 78 1
14 11 8
54 56 3
70 66 -11
56 65 9
28 11 1
19 62 -2
92 72 13
97 67 -4
100 15 6
36 52 -7
72 55 11
5 74 2
75 81 -11
20 23 13
64 52 8
26 13 3
16 54 -15
28 26 7
25 24 10
9 86 3
4 72 -6
29 45 12
78 100 12
35 20 -5
34 58 -5
32 3 -14
36 14 5
31 5 14
12 61 14
8 17 -11
56 40 -11
99 50 -6
17 33 2
56 68 -2
19 24 1
47 49 11
63 3 -7
21 95 -2
25 78 6
52 42 -9
95 56 1
51 76 -2
34 100 -4
78 60 -1
36 90 10
32 4 0
77 64 -7
29 37 -4
34 61 -15
40 19 0
30 20 -12
34 4 11
41 96 -13
62 67 -11
18 13 -12
40 99 -3
89 42 -6
34 74 -5
55 90 -9
71 58 15
78 5 -6
71 97 -1
21 97 12
23 82 10
3 23 -8
73 24 14
58 35 7
68 48 4
22 49 -5
