100 120 11 4 12
59 50 43 88 97 10 91 58 42 53 81
80 33 5 37
48 70 4 32 50 43 73 21 83 69 40 45
23 28 -9
23 7 7
53 17 -6
31 19 -1
1 5 -10
72 85 -12
35 38 -14
16 95 0
86 69 13
51 73 -12
47 83 -7
64 20 -3
43 56 8
30 77 -2
84 47 9
58 15 0
73 80 0
18 19 5
27 50 4
64 81 -1
7 11 9
74 27 -9
34 37 -6
65 25 5
64 94 -8
82 99 -3
94 25 13
21 61 4
44 89 5
61 31 -8
4 31 6
82 92 -12
50 69 4
10 1 1
36 96 -6
55 98 0
80 63 -1
84 96 -12
47 26 -11
21 97 -9
10 43 9
60 56 10
32 19 11
97 26 -13
85 32 -11
15 90 10
32 72 3
30 58 15
31 97 1
86 3 9
45 88 -13
31 48 10
39 95 10
47 7 5
68 56 2
99 76 10
58 99 -7
20 48 -13
22 68 1
11 64 4
50 64 -3
13 85 -11
10 33 10
65 81 -11
24 37 -3
72 61 -10
47 6 3
63 3 -11
93 85 6
25 5 -4
91 73 6
29 90 2
92 67 14
92 41 -1
74 83 6
12 77 9
8 76 -6
91 18 9
100 54 -3
16 29 3
25 15 6
42 43 -6
93 92 7
96 81 -12
16 46 -8
90 77 8
16 58 -11
79 6 9
8 14 9
9 65 -13
35 94 9
45 42 8
31 28 3
68 4 10
84 69 -1
86 30 14
86 51 -10
80 31 -15
45 46 7
59 50 -3
78 100 -2
95 31 15
8 89 -8
32 17 2
70 93 -14
7 51 1
64 13 -12
83 92 15
86 46 -6
18 62 -11
37 74 -7
72 39 -5
37 95 9
23 14 -8
49 32 9
59 93 13
8 17 4
23 70 -1
7 86 -11
20 95 -11
