100 178 96
6 42 28 33 52 31 74 100 5 89 92 36 53 11 26 33 71 91 42 93 73 99 18 1 95 96 26 70 33 74 47 38 15 27 22 18 57 96 17 13 36 61 48 88 71 26 73 42 16 14 34 40 64 3 40 58 50 66 28 82 91 26 71 5 52 92 74 61 39 90 73 75 50 73 14 73 50 86 14 65 51 99 57 15 53 96 24 2 13 51 83 3 77 5 59 80 48 32 40 39
1 13 5
1 23 7
1 78 5
1 86 6
1 60 10
1 66 10
1 58 2
1 62 4
1 56 3
1 97 1
1 34 3
1 79 6
1 63 5
1 91 6
1 17 5
1 53 2
1 5 10
1 47 6
1 92 5
1 26 9
1 48 9
1 2 5
1 54 10
1 50 10
1 98 5
1 70 3
1 7 2
1 68 7
1 67 6
1 51 7
1 41 2
1 33 10
1 81 8
1 21 7
1 25 2
1 96 4
1 94 5
1 18 5
13 72 5
13 27 8
13 46 6
13 76 1
13 10 3
13 42 2
13 90 7
13 100 5
13 75 7
13 37 3
13 9 9
13 95 8
13 64 10
13 24 1
13 32 9
13 44 7
13 85 10
13 43 1
13 6 8
13 82 4
13 88 9
13 11 7
23 19 4
23 14 10
23 45 1
23 61 3
23 52 4
23 69 4
23 77 6
23 73 4
23 4 5
23 3 10
23 36 9
23 39 4
23 22 1
23 55 2
23 87 8
23 84 2
23 59 3
23 29 6
23 89 3
23 65 6
23 71 3
23 80 2
23 12 4
23 16 7
23 28 9
23 8 3
78 93 4
78 74 7
78 99 8
78 20 9
78 40 10
78 35 7
78 30 6
78 49 6
78 83 8
78 38 9
78 15 4
86 31 7
60 57 2
46 18 7
13 31 5
4 76 9
52 67 7
34 64 10
81 6 2
61 85 7
46 2 2
58 95 4
77 91 3
91 89 10
69 1 2
25 4 9
93 7 6
11 40 1
72 16 4
33 100 2
78 53 4
87 99 9
16 90 1
58 78 10
26 30 1
50 85 10
94 91 7
56 82 7
28 5 2
13 89 3
54 66 8
27 5 6
98 20 5
18 77 4
58 2 5
50 3 9
71 48 1
87 3 4
65 82 9
58 46 7
51 100 5
100 78 9
95 75 10
32 93 6
97 2 9
92 3 3
22 74 10
95 12 4
48 77 8
58 34 3
57 36 4
21 35 2
41 82 8
80 13 2
47 9 5
15 52 8
37 26 3
58 20 4
33 67 2
90 77 8
93 33 3
98 53 10
81 45 1
39 24 5
92 22 5
47 36 7
4 24 2
38 81 3
31 65 1
5 55 7
12 99 9
6 96 3
35 77 7
97 67 2
71 58 3
6 56 10
44 59 3
7 96 5
89 79 10
89 35 6
66 46 4
26 3 1
28539